Butler
	ND
	Kans
	Louis
	Villano
	Duke
	UNC
	Georg
	UCLA
	Arizon
	UVA
	OK
	Kentu
	

	Butler
	

	136
	530
	122
	632
	608
	606
	573
	2090
	1692
	561
	747
	195
	

	ND
	

	

	620
	260
	656
	723
	721
	604
	2111
	1808
	681
	881
	328
	

	Kans
	

	

	

	548
	1153
	1085
	1083
	1097
	1553
	1156
	1038
	334
	624
	

	Louis
	

	

	

	

	661
	540
	538
	602
	2102
	1704
	493
	778
	79
	

	Villano
	

	

	

	

	

	400
	409
	147
	2713
	2315
	251
	1388
	622
	

	Duke
	

	

	

	

	

	

	11
	262
	2531
	2114
	184
	1194
	468
	

	UNC
	

	

	

	

	

	

	

	466
	2530
	2112
	188
	1192
	466
	

	Georg
	

	

	

	

	

	

	

	

	2682
	2277
	113
	1344
	530
	

	UCLA
	

	

	

	

	

	

	

	

	

	500
	2563
	1364
	2178
	

	Arizon
	

	

	

	

	

	

	

	

	

	

	2157
	973
	1825
	

	UVA
	

	

	

	

	

	

	

	

	

	

	

	1223
	420
	

	OK
	

	

	

	

	

	

	

	

	

	

	

	

	853
	

	Kentu
	

	

	

	

	

	

	

	

	

	

	

	

	

	

	

	

	

	

	

	

	

	

	

	

	

	

	

	

	

	













	

	

	Butler
	39.839703
	-86.169784
	ND
	41.705728
	-86.235382
	Kans
	38.954548
	-95.255871
	Louis
	38.211178
	-85.758953
	Villano
	40.034889
	-75.337329
	Duke
	36.001561
	-78.938261
	UNC
	35.904882
	-79.046881
	Georg
	38.907588
	-77.072269
	UCLA
	34.068997
	-118.445181
	Arizon
	32.231808
	-110.950098
	UVA
	38.033507
	-78.507934
	OK
	35.205872
	-97.445832
	Kentu
	38.030613
	-84.504024