1952   1.039208   0.118000  -0.070200   0.040500   0.016600
1953   0.996975  -0.010500  -0.008000  -0.087000   0.018200
1954   1.034664   0.493500  -0.024600   0.257400   0.008600
1955   1.033162   0.237500  -0.067600   0.057100   0.015700
1956   1.011275   0.059000  -0.013800  -0.010700   0.024600
1957   1.007779  -0.131600  -0.027600  -0.064200   0.031400
1958   1.016749   0.434500   0.147800   0.131400   0.015400
1959   1.026255   0.097600   0.055900   0.015100   0.029500
1960   1.006816  -0.014600  -0.026900  -0.046700   0.026600
1961   1.023716   0.248100   0.000700   0.071100   0.021300
1962   1.023583  -0.129000  -0.086200   0.092900   0.027300
1963   1.019768   0.178400  -0.058200   0.154700   0.031200
1964   1.046987   0.125400  -0.010800   0.100900   0.035400
1965   1.057154   0.105200   0.216800   0.075300   0.039300
1966   1.024304  -0.135100   0.026800  -0.008600   0.047600
1967   1.022914   0.244900   0.510900  -0.089200   0.042100
1968   1.044877   0.087900   0.245200   0.185600   0.052100
1969   1.028116  -0.175400  -0.139700  -0.098600   0.065800
1970   1.021039  -0.064900  -0.116800   0.224600   0.065200
1971   1.021528   0.117800   0.057300  -0.111800   0.043900
1972   1.055679   0.130500  -0.119400   0.017900   0.038400
1973   1.018226  -0.262400  -0.235000   0.181900   0.069300
1974   0.990995  -0.357400  -0.006200   0.100300   0.080000
1975   1.028428   0.324500   0.155200   0.088700   0.058000
1976   1.038346   0.218900   0.146100   0.247700   0.050800
1977   1.026296  -0.082700   0.229500   0.074800   0.051200
1978   1.030568   0.010300   0.143500   0.005200   0.071800
1979   1.019405   0.130800   0.216200  -0.015200   0.103800
1980   0.999320   0.221200   0.055300  -0.251700   0.112400
1981   1.000854  -0.181300   0.073100   0.251700   0.147100
1982   1.023468   0.106600   0.089400   0.136200   0.105400
1983   1.041196   0.137500   0.137400   0.205900   0.088000
1984   1.031232  -0.060600  -0.081500   0.193100   0.098500
1985   1.039789   0.249100   0.002700   0.011000   0.077200
1986   1.022210   0.101200  -0.097800   0.092500   0.061600
1987   1.028054  -0.038700  -0.110500  -0.015300   0.054700
1988   1.037700   0.115500   0.059500   0.149100   0.063500
1989   1.022038   0.204900  -0.125800  -0.044200   0.083700
1990   1.007313  -0.139500  -0.142100  -0.096300   0.078100
1991   1.001879   0.291700   0.160700  -0.146300   0.056000
1992   1.032770   0.062300   0.075900   0.242900   0.035100
1993   1.014896   0.082100   0.058600   0.190200   0.029000
1994   1.020292  -0.041100  -0.014900  -0.008100   0.039000
1995   1.018273   0.312100  -0.078000   0.015100   0.056000
1996   1.022495   0.159700  -0.023500   0.032100   0.052100
1997   1.030847   0.259700  -0.052000   0.131100   0.052600
1998   1.036978   0.194600  -0.249100  -0.102400   0.048600
1999   1.040800   0.205600   0.151800  -0.339600   0.046800
2000   1.037010  -0.175900  -0.015800   0.393900   0.058900
2001   1.008499  -0.152000   0.185900   0.186600   0.038300
2002   1.019126  -0.227600   0.035800   0.105000   0.016500
2003   1.028053   0.307500   0.276900   0.051900   0.010200
2004   1.029035   0.107200   0.051200   0.099000   0.012000
2005   1.028359   0.030900  -0.021400   0.092100   0.029800
2006   1.023417   0.106000   0.002500   0.144800   0.048000
2007   1.008329   0.010400  -0.081700  -0.122300   0.046600
2008   0.990688  -0.383400   0.038500   0.008800   0.016000
2009   0.988846   0.282600   0.085300  -0.057000   0.001000
2010   1.020206   0.173700   0.136700  -0.030600   0.001200
2011   1.007169   0.004400  -0.060800  -0.064600   0.000400
2012   1.009734   0.162800   0.003400   0.080200   0.000600
2013   1.020212   0.351900   0.079400   0.001000   0.000200
2014   1.018616   0.117000  -0.080000  -0.032900   0.000200
